0
5
9
11
13
15
78
79
82
85
89
91
93
95
100
101
102
105
107
110
114
115
116
118
119
120
121
122
124
125
131
132
134
138
142
145
147
148
150
151
153
155
156
157
159
161
162
164
166
167
169
170
171
172
174
175
177
178
179
181
182
183
184
185
188
189
190
191
192
195
196
199
200
201
202
203
204
205
209
210
211
212
216
217
221
226
227
228
229
230
231
232
234
236
237
242
243
245
246
248
249
250
252
254
256
260
261
263
264
266
267
268
269
270
272
273
274
275
276
277
279
280
282
283
284
285
289
292
294
295
297
298
299
300
302
303
306
307
308
309
310
311
313
314
316
317
320
326
327
328
329
332
336
338
344
345
348
349
351
352
362
363
367
370
372
375
376
378
379
386
387
388
389
391
392
395
396
397
398
399
404
406
414
415
416
417
421
425
431
435
437
439
443
445
446
447
449
452
453
455
660
663
664
668
670
671
673
674
675
677
681
682
683
684
685
688
691
692
693
698
699
701
707
708
710
711
718
719
721
722
723
724
728
730
