723
314
270
404
541
230
584
169
202
378
574
653
151
236
721
580
578
468
43
300
629
246
585
445
583
453
670
138
267
48
517
693
431
535
85
474
9
626
82
107
391
551
275
280
348
345
249
185
561
263
188
313
172
336
232
524
120
200
183
659
363
533
102
387
147
710
155
722
254
190
283
399
22
463
329
303
674
196
499
523
386
34
550
118
42
171
338
636
153
724
18
527
349
458
501
24
205
677
264
546
388
148
105
234
49
470
157
685
298
297
204
532
110
20
28
284
184
211
228
528
571
216
