153
155
156
157
159
164
167
169
173
174
176
177
179
182
183
184
187
188
189
190
193
196
198
200
202
204
206
207
208
209
215
216
218
219
220
221
222
224
227
228
229
234
235
236
237
239
242
243
244
245
249
250
251
252
253
254
256
257
260
263
265
266
267
270
273
275
276
278
279
283
284
289
292
294
296
299
303
304
305
306
307
308
309
310
311
312
314
315
317
318
319
326
327
328
331
332
335
336
343
344
346
348
349
350
351
352
353
354
356
357
360
362
364
368
370
372
373
375
379
380
381
383
384
385
387
388
392
393
395
399
401
402
403
406
409
410
415
417
418
419
420
421
423
426
427
428
429
431
433
437
439
440
444
446
447
449
450
452
457
458
463
465
466
469
471
474
476
477
478
483
493
497
498
500
501
502
504
509
511
512
515
518
524
527
528
529
535
536
537
541
546
547
553
554
556
558
559
560
562
563
564
565
568
569
573
574
576
577
579
584
585
586
589
590
591
593
594
595
597
600
601
602
603
605
606
608
610
611
613
615
616
618
621
623
626
627
628
630
632
633
634
638
641
643
645
646
647
648
649
650
654
655
658
661
663
664
667
668
670
671
673
675
678
680
681
682
683
684
689
691
693
697
698
701
702
704
706
707
709
710
711
712
714
715
716
717
718
720
722
723
725
728
729
730
2249
2253
2254
2257
3199
3200
3201
3202
3204
3206
3207
3209
3211
3212
3214
3215
3217
3219
3220
3221
3225
3227
3229
3287
3289
3290
3295
3302
3303
3304
3307
3308
3309
3310
3311
3313
3314
3317
3318
3321
3324
3332
3334
3335
3340
3342
3343
3345
3349
3350
3352
3353
3356
3358
3360
3363
3364
3365
3366
3367
3368
3370
