4
5
7
9
11
13
15
18
21
26
28
31
33
35
36
40
41
42
43
45
48
50
52
54
55
56
57
59
64
65
66
67
68
72
74
75
78
79
82
84
85
86
87
90
91
95
97
98
100
102
103
107
109
110
114
117
119
120
121
123
124
129
130
131
132
134
138
141
145
147
148
150
151
154
155
156
157
161
162
163
164
166
167
169
170
171
172
175
176
177
178
182
184
185
188
190
195
196
198
200
202
203
204
206
208
209
210
212
221
226
227
228
229
230
232
235
236
237
239
240
242
243
244
245
246
249
250
252
254
257
260
261
263
266
267
269
270
272
273
274
275
278
279
280
282
283
285
289
291
292
294
298
299
300
303
304
306
307
308
309
310
313
314
315
316
317
318
319
320
326
327
328
332
335
336
338
343
344
345
346
348
351
352
353
356
357
362
363
365
367
368
369
372
373
374
375
376
378
379
381
384
387
388
392
394
395
396
397
399
406
408
409
417
418
421
426
427
428
429
431
433
437
440
444
448
449
452
453
456
457
458
461
462
463
465
469
470
472
1042
1046
1047
1048
1050
1051
1052
1053
1054
1055
1059
1060
1062
1063
1068
1070
1071
1072
1073
1076
1077
1078
1081
1083
1084
1087
1088
1090
1093
1094
1095
1097
1098
1099
1100
1103
1105
1108
1111
1113
1116
1117
1118
1119
1124
1125
1126
1128
1132
1133
1134
1135
1136
1137
1140
1142
1145
1147
1148
