799
587
161
317
591
927
351
384
529
523
204
625
239
184
664
392
329
599
668
298
246
41
131
260
444
777
527
35
195
4
372
878
147
209
270
310
363
597
55
327
855
844
750
54
164
31
36
200
100
743
632
348
353
367
754
266
90
909
369
840
374
429
650
74
447
866
554
641
614
677
753
775
272
376
430
890
517
568
924
156
739
807
102
370
894
316
542
388
830
240
548
511
230
729
232
132
908
64
478
566
462
874
121
426
787
307
157
590
335
34
713
287
741
427
676
381
127
80
876
22
175
803
716
66
84
331
789
228
667
509
278
332
397
142
734
476
416
362
697
33
740
500
541
600
93
581
116
928
18
30
72
522
730
309
655
38
326
