0
4
5
7
9
11
13
15
18
21
22
23
24
26
28
30
31
32
33
34
35
36
38
40
41
42
43
45
48
50
52
54
55
57
59
63
64
66
72
74
75
78
79
80
82
84
85
90
91
93
94
95
97
100
101
102
103
107
110
115
116
117
260
261
263
406
408
415
416
417
421
425
426
427
429
430
431
435
437
443
444
446
447
448
449
452
453
455
456
457
458
461
462
463
468
469
470
476
478
479
482
485
487
491
492
499
500
505
508
509
511
512
517
518
520
521
522
523
525
527
528
529
532
534
536
538
542
543
545
546
547
548
551
553
554
556
558
560
566
568
578
580
581
584
587
590
591
594
597
598
599
600
602
605
607
610
614
619
620
623
624
688
689
690
691
692
694
697
698
700
701
702
704
705
706
709
710
711
712
713
714
716
719
722
723
724
726
727
729
730
731
734
735
739
740
741
743
744
746
750
751
753
754
756
757
759
760
763
764
769
771
772
775
777
778
779
784
785
786
787
788
789
791
792
793
795
799
800
802
803
804
805
807
808
809
810
813
814
815
825
828
830
834
836
839
840
841
842
844
845
847
849
851
855
856
858
859
863
864
866
870
872
874
876
877
878
879
880
881
883
889
890
891
894
896
898
899
900
905
906
908
909
911
912
913
